0   -99.61946980917456  8.715574274765835
0   -99.45218953682733  10.452846326765346
0   -99.2546151641322  12.18693434051475
0   -99.02680687415703  13.917310096006547
0   -98.76883405951378  15.643446504023093
0   -98.4807753012208  17.36481776669304
0   -98.1627183447664  19.080899537654492
0   -97.81476007338057  20.791169081775923
0   -97.43700647852353  22.495105434386513
0   -97.02957262759965  24.192189559966767
0   -96.59258262890683  25.881904510252074
0   -96.12616959383189  27.563735581699916
0   -95.63047559630354  29.237170472273675
0   -95.10565162951535  30.901699437494745
0   -94.55185755993168  32.55681544571568
0   -93.96926207859083  34.20201433256688
0   -93.35804264972018  35.83679495453001
0   -92.71838545667873  37.46065934159122
0   -92.05048534524404  39.07311284892737
0   -91.35454576426008  40.67366430758004
0   -90.63077870366499  42.261826174069945
0   -89.8794046299167  43.837114678907746
0   -89.10065241883677  45.39904997395468
0   -88.29475928589268  46.947156278589084
0   -87.46197071393958  48.48096202463371
0   -86.60254037844386  50.000000000000014
0   -85.71673007021123  51.503807491005425
0   -84.80480961564261  52.99192642332049
0   -83.86705679454239  54.46390350150272
0   -82.90375725550417  55.91929034707468
0   -81.91520442889917  57.35764363510461
0   -80.90169943749474  58.778525229247315
0   -79.86355100472929  60.18150231520484
0   -78.80107536067219  61.56614753256583
0   -77.71459614569707  62.93203910498375
0   -76.60444431189781  64.27876096865394
0   -75.47095802227719  65.60590289905073
0   -74.31448254773942  66.91306063588583
0   -73.13537016191705  68.19983600624985
0   -71.93398003386511  69.46583704589973
0   -70.71067811865476  70.71067811865476
0   -69.46583704589972  71.93398003386513
0   -68.19983600624985  73.13537016191705
0   -66.91306063588583  74.31448254773943
0   -65.60590289905073  75.4709580222772
0   -64.27876096865393  76.60444431189781
0   -62.93203910498375  77.71459614569707
0   -61.56614753256583  78.80107536067219
0   -60.181502315204824  79.86355100472929
0   -58.778525229247315  80.90169943749474
0   -57.35764363510461  81.91520442889917
0   -55.91929034707468  82.90375725550417
0   -54.4639035015027  83.8670567945424
0   -52.99192642332049  84.8048096156426
0   -51.50380749100542  85.71673007021123
0   -49.99999999999999  86.60254037844388
0   -48.480962024633705  87.46197071393958
0   -46.947156278589084  88.2947592858927
0   -45.399049973954675  89.10065241883679
0   -43.83711467890774  89.8794046299167
0   -42.261826174069945  90.63077870366499
0   -40.67366430758001  91.35454576426008
0   -39.07311284892737  92.05048534524404
0   -37.4606593415912  92.71838545667875
0   -35.83679495453003  93.35804264972018
0   -34.20201433256687  93.96926207859084
0   -32.55681544571567  94.55185755993169
0   -30.901699437494738  95.10565162951535
0   -29.23717047227367  95.63047559630355
0   -27.563735581699916  96.12616959383189
0   -25.881904510252074  96.59258262890683
0   -24.192189559966774  97.02957262759965
0   -22.4951054343865  97.43700647852353
0   -20.79116908177593  97.81476007338057
0   -19.08089953765448  98.1627183447664
0   -17.364817766693033  98.4807753012208
0   -15.643446504023087  98.76883405951378
0   -13.917310096006544  99.02680687415703
0   -12.186934340514748  99.2546151641322
0   -10.452846326765346  99.45218953682733
0   -8.715574274765817  99.61946980917456
0   -6.97564737441253  99.75640502598242
0   -5.233595624294383  99.86295347545739
0   -3.489949670250097  99.93908270190957
0   -1.7452406437283512  99.98476951563913
0   0.0  100.0
0   1.7452406437283512  99.98476951563913
0   3.489949670250097  99.93908270190957
0   5.233595624294383  99.86295347545739
0   6.97564737441253  99.75640502598242
0   8.715574274765817  99.61946980917456
0   10.452846326765346  99.45218953682733
0   12.186934340514748  99.2546151641322
0   13.917310096006544  99.02680687415703
0   15.643446504023087  98.76883405951378
0   17.364817766693033  98.4807753012208
0   19.08089953765448  98.1627183447664
0   20.79116908177593  97.81476007338057
0   22.4951054343865  97.43700647852353
0   24.192189559966774  97.02957262759965
0   25.881904510252074  96.59258262890683
0   27.563735581699916  96.12616959383189
0   29.23717047227367  95.63047559630355
0   30.901699437494738  95.10565162951535
0   32.55681544571567  94.55185755993169
0   34.20201433256687  93.96926207859084
0   35.83679495453003  93.35804264972018
0   37.4606593415912  92.71838545667875
0   39.07311284892737  92.05048534524404
0   40.67366430758001  91.35454576426008
0   42.261826174069945  90.63077870366499
0   43.83711467890774  89.8794046299167
0   45.399049973954675  89.10065241883679
0   46.947156278589084  88.2947592858927
0   48.480962024633705  87.46197071393958
0   49.99999999999999  86.60254037844388
0   51.50380749100542  85.71673007021123
0   52.99192642332049  84.8048096156426
0   54.4639035015027  83.8670567945424
0   55.91929034707468  82.90375725550417
0   57.35764363510461  81.91520442889917
0   58.778525229247315  80.90169943749474
0   60.181502315204824  79.86355100472929
0   61.56614753256583  78.80107536067219
0   62.93203910498375  77.71459614569707
0   64.27876096865393  76.60444431189781
0   65.60590289905073  75.4709580222772
0   66.91306063588583  74.31448254773943
0   68.19983600624985  73.13537016191705
0   69.46583704589972  71.93398003386513
0   70.71067811865476  70.71067811865476
0   71.93398003386511  69.46583704589973
0   73.13537016191705  68.19983600624985
0   74.31448254773942  66.91306063588583
0   75.47095802227719  65.60590289905073
0   76.60444431189781  64.27876096865394
0   77.71459614569707  62.93203910498375
0   78.80107536067219  61.56614753256583
0   79.86355100472929  60.18150231520484
0   80.90169943749474  58.778525229247315
0   81.91520442889917  57.35764363510461
0   82.90375725550417  55.91929034707468
0   83.86705679454239  54.46390350150272
0   84.80480961564261  52.99192642332049
0   85.71673007021123  51.503807491005425
0   86.60254037844386  50.000000000000014
0   87.46197071393958  48.48096202463371
0   88.29475928589268  46.947156278589084
0   89.10065241883677  45.39904997395468
0   89.8794046299167  43.837114678907746
0   90.63077870366499  42.261826174069945
0   91.35454576426008  40.67366430758004
0   92.05048534524404  39.07311284892737
0   92.71838545667873  37.46065934159122
0   93.35804264972018  35.83679495453001
0   93.96926207859083  34.20201433256688
0   94.55185755993168  32.55681544571568
0   95.10565162951535  30.901699437494745
0   95.63047559630354  29.237170472273675
0   96.12616959383189  27.563735581699916
0   96.59258262890683  25.881904510252074
0   97.02957262759965  24.192189559966767
0   97.43700647852353  22.495105434386513
0   97.81476007338057  20.791169081775923
0   98.1627183447664  19.080899537654492
0   98.4807753012208  17.36481776669304
0   98.76883405951378  15.643446504023093
0   99.02680687415703  13.917310096006547
0   99.2546151641322  12.18693434051475
0   99.45218953682733  10.452846326765346
0   99.61946980917456  8.715574274765835